 1	primitive UDP_Majority_4 (z, a, b, c, d);
     2	output z;
     3	input a, b, c, d;
     4	table
     5	    0    0    0    0    :    0;
     6	    0    0    0    1    :    0;
     7	    0    0    1    0    :    0;
     8	    0    0    1    1    :    0;
     9	    0    1    0    0    :    0;
    10	    0    1    0    1    :    0;
    11	    0    1    1    0    :    0;
    12	    0    1    1    1    :    1;
    13	    1    0    0    0    :    0;
    14	    1    0    0    1    :    0;
    15	    1    0    1    0    :    0;
    16	    1    0    1    1    :    1;
    17	    1    1    0    0    :    0;
    18	    1    1    0    1    :    1;
    19	    1    1    1    0    :    1;
    20	    1    1    1    1    :    1;
    21	endtable
    22	endprimitive